73
93
97
225
228
236
239
250
297
325
417
456
467
485
489
497
499
508
517
523
629
647
663
678
680
710
731
750
869
921
930
951
956
1018
1040
1048
1243
1410
1442
1503
1606
1664
1681
1694
1706
1709
1719
1721
1822
1833
2016
2036
2056
2176
2218
2283
2332
2352
2416
2470
2483
2516
2571
2612
2690
2706
2746
2755
2758
2760
2768
2772
2780
2789
2833
2857
2863
2880
2885
3010
3027
3066
3197
3200
3203
3204
3206
3210
3219
3308
3316
3330
3388
3396
3397
3480
3495
3513
3516
3571
3588
3593
3644
3645
3666
3700
3733
3736
3745
3777
3819
3826
3834
3843
3866
3873
3882
3915
3927
3946
4012
4023
4024
4025
4065
4093
4129
4136
4284
4312
4317
4343
4363
4722
4733
4769
4824
4841
4917
4949
4985
5004
5036
5066
5076
5111
5285
5300
5331
5351
5390
5393
5442
5465
5521
5532
5601
5814
6026
6047
6179
6182
6253
6257
6260
6264
6267
6297
6328
6329
6374
6392
6401
6413
6461
6473
6480
6527
6548
6614
6663
6671
6680
6713
6719
6929
6956
6962
7142
7175
7256
7272
7274
7364
7684
7711
7819
7861
7867
7934
7972
8020
8027
8104
8149
8167
8188
8206
8389
8410
8420
8450
8472
8478
8485
8527
8529
8584
8650
8684
8817
8859
8877
8927
8964
9072
9078
9098
9192
9449
9540
9554
9605
9755
9818
9833
9899
9932
9947
9950
9966
9971
10007
10034
10070
10084
10098
10128
10143
10197
10238
10310
10321
10373
10398
10400
10506
10538
10586
10589
10607
10609
10640
10667
10688
10700
10704
10792
10793
10819
10834
10915
10978
10993
11002
11020
11061
11101
11146
11152
11164
11176
11197
11206
11215
11251
11253
11377
11440
11467
11479
11536
11674
11696
11914
11928
11963
12019
12026
12028
12082
12153
12172
12248
12308
12354
12358
12372
12394
12400
12501
12542
12561
12609
12612
12618
12630
12669
12678
12693
12696
12705
12714
12720
12738
12771
12810
12850
12891
12940
13042
13135
13149
13182
13192
13215
13263
13368
13485
13506
13513
13528
13590
13599
13602
13626
13681
13722
13740
13742
13780
13789
13855
13880
13914
13928
13934
13958
13965
13980
13981
14000
14016
14040
14049
14094
14152
14167
14178
14203
14258
14284
14319
14338
14484
14527
14568
14831
14846
14911
14978
14979
14985
14989
15067
15110
15115
15136
15148
15172
15204
15211
15218
15223
15226
15229
15244
15301
15314
15317
15326
15381
15402
15431
15508
15514
15579
15615
15629
15670
15691
15758
15824
15833
15849
15884
15905
15907
15908
15924
15928
15940
15942
15951
15954
15970
16017
16041
16051
16075
16108
16126
16129
16136
16150
16157
16163
16217
16234
16239
16274
16299
16360
16381
16391
16399
16527
